10,125
8,15
10,171
10,201
10,7
10,185
10,109
10,69
10,271
10,169
10,2
10,3
11,11
11,21
9,7
9,1
9,5
9,2
9,3
8,9
8,6
8,12
58,4
58,3
58,2
58,1
58,0
55,4
55,3
55,2
55,1
55,0
54,4
54,3
54,2
54,1
54,0
53,4
53,3
53,2
53,1
53,0
52,4
52,3
52,2
52,1
52,0
47,4
47,3
47,2
47,1
47,0
46,5
46,4
46,3
46,2
46,1
46,0
45,4
45,3
45,2
45,1
45,0
34,4
34,3
34,2
34,1
29,3
29,1
26,3
26,2
26,1
20,3
20,2
20,1
19,3
19,2
19,1
14,2
14,0
12,3
12,2
12,1
11,29
11,28
11,27
11,26
11,25
11,24
11,20
11,19
11,18
18,1
11,17
18,3
11,16
11,15
11,14
11,13
11,12
11,8
11,7
11,6
14,1
11,5
14,3
11,4
11,3
13,1
11,2
13,3
11,1
10,311
10,302
